10 19 0.81
11 19 0.22350856055248525
12 21 0.09
13 21 0.22944550669216063
14 14 0.22944550669216063
15 19 0.81
16 21 0.03082191780821918
17 14 0.4736842105263159
18 21 0.22944550669216063
19 21 0.15984714616647833
20 19 0.81
21 14 0.4736842105263159
22 21 0.05834946648057271
23 21 0.22944550669216063
24 19 0.22350856055248525
25 19 0.81
26 14 0.32232070910556004
27 19 0.22350856055248525
28 21 0.03082191780821918
29 14 0.4736842105263159
30 19 0.22350856055248525
31 19 0.16208185133492417
32 14 0.32232070910556004
33 14 0.32232070910556004
34 21 0.22944550669216063
35 14 0.15984714616647833
36 14 0.22944550669216063
37 21 0.09036623032798943
38 21 0.09036623032798943
39 19 0.16208185133492417
40 14 0.32232070910556004
41 21 0.15984714616647833
42 19 0.81
43 21 0.22944550669216063
44 14 0.8632244467860907
45 14 0.8632244467860907
46 19 0.81
47 14 0.8632244467860907
48 21 0.15984714616647833
49 14 0.8632244467860907
50 19 0.81
51 19 0.81
52 14 0.4736842105263159
53 14 0.15984714616647833
54 14 0.32232070910556004
55 14 0.4736842105263159
56 14 0.32232070910556004
57 14 0.8632244467860907
58 14 0.4736842105263159
59 19 0.22350856055248525
60 14 0.4736842105263159
61 19 0.81
62 19 0.16208185133492417
63 19 0.81
64 19 0.4671532846715329
65 14 0.32232070910556004
66 19 0.81
67 14 0.32232070910556004
68 19 0.4671532846715329
69 14 0.8632244467860907
70 14 0.4736842105263159
71 19 0.81
72 21 0.09036623032798943
73 14 0.8632244467860907
74 19 0.4671532846715329
75 19 0.4671532846715329
76 19 0.4671532846715329
77 14 0.4736842105263159
78 19 0.81
79 19 0.81
80 21 0.22944550669216063
81 14 0.15984714616647833
82 14 0.4736842105263159
83 19 0.81
84 14 0.8632244467860907
85 14 0.8632244467860907
